
>>>>>>>5<<<<<<
820.978
6
0.887097

595.301
5
0.862903

592.692
5
0.850806

>>>>>>>5<<<<<<
914.601
6
0.96371

749.713
5
0.887097

611.922
4
0.790323

609.242
4
0.790323

456.925
3
0.770161

303.717
2
1.12575

500.078
3
0.745968

317.789
3
1.31618

372.572
3
1.36232

95.9606
1
0.573099

83.7802
1
0.541176

114.394
1
0.494624

89.1865
1
0.595238

70.7607
1
0.639241

97.9986
1
0.505376

111.289
1
0.549133

116.894
1
0.522222

>>>>>>>5<<<<<<
847.463
6
0.907258

225.723
2
0.467742

119.93
1
0.759036

128.055
1
0.730539

127.547
1
0.7

127.547
1
0.690058

122.157
1
0.73494

132.223
1
0.657303

133.03
1
0.681818

119.055
1
0.727273

114.02
1
0.718563

111.976
1
0.714286

131.99
1
0.706587

90.3413
1
1.20438

119.02
1
1.11392

429.357
3
0.729839

261.797
2
1.11392

303.168
3
0.548387

314.242
3
0.681452

>>>>>>>5<<<<<<
815.616
6
0.862903

357.279
3
0.721774

342.948
3
0.645161

344.89
3
0.645161

188.227
2
1.13475

187.396
2
1.15493

179.274
2
1.04795

298.682
3
0.66129

666.515
5
0.814516

>>>>>>>5<<<<<<
815.716
6
0.818548

513.01
4
1.04324

>>>>>>>5<<<<<<
823.491
6
0.834677

>>>>>>>5<<<<<<
788.403
6
0.931452

663.784
5
0.887097

>>>>>>>5<<<<<<
809.173
6
0.862903

610.588
5
0.850806

590.799
5
0.887097

665.728
5
0.83871

>>>>>>>5<<<<<<
750.25
6
0.842742

>>>>>>>5<<<<<<
803.793
6
0.891129

>>>>>>>5<<<<<<
816.798
6
0.879032

129.08
1
1.13376

281.343
2
1.11043

>>>>>>>5<<<<<<
803.486
6
0.858871

311.967
3
0.733871

329.351
3
0.733871

>>>>>>>5<<<<<<
851.235
6
0.842742

394.708
3
0.85

452.046
3
0.705645

432.447
3
0.725806

147.633
2
0.395161

>>>>>>>5<<<<<<
900.923
6
0.899194

78.2967
1
0.463855

75.411
1
0.440476

151.799
2
0.318548

182.768
2
0.370968

102.904
1
0.52439

109.636
1
0.521472

>>>>>>>5<<<<<<
777.13
6
0.858871

>>>>>>>5<<<<<<
784.313
6
0.834677

>>>>>>>5<<<<<<
810.301
6
0.834677

198.349
2
0.733871

744.519
5
0.887097

>>>>>>>5<<<<<<
842.207
6
0.899194

>>>>>>>5<<<<<<
859.721
6
0.903226

>>>>>>>5<<<<<<
861.025
6
0.903226

722.092
5
0.887097

582.061
4
1.03756

583.105
4
0.762097

629.447
4
0.895161

621.873
4
0.959677

459.852
3
0.875

549.606
4
0.939516

99.6092
1
0.429379

234.456
2
0.471774

198.129
2
0.532258

>>>>>>>5<<<<<<
798.528
6
0.887097

>>>>>>>5<<<<<<
817.07
6
0.907258

191.086
2
1.10135

298.507
3
0.649194

403.888
3
0.701613

197.709
2
0.483871

205.63
2
0.890756

183.177
2
0.649194

345.935
3
0.676113

391.192
3
0.826613

388.477
3
0.818548

691.336
5
0.846774

>>>>>>>5<<<<<<
820.075
6
0.899194

345.787
3
0.733871

374.375
3
0.810484

566.103
4
0.830645

551.271
4
0.834677

243.329
2
0.68

129.227
1
1.06962

114.911
1
1.10738

168.088
2
0.921569

171.07
2
0.848485

168.081
2
0.865385

166.818
2
0.870968

748.37
5
0.870968

>>>>>>>5<<<<<<
834.597
6
0.883065

198.187
2
0.91358

200.027
2
1.06707

188.155
2
0.930818

209.763
2
0.721154

230.467
2
1.01143

225.84
2
1.00575

221.393
2
1.01205

347.982
3
0.693548

216.266
2
0.966851

209.181
2
0.960894

215.731
2
0.950276

88.7351
1
1.10145

257.358
2
0.774194

401.242
3
0.782258

>>>>>>>5<<<<<<
826.816
6
0.879032

409.061
3
0.741935

266.521
2
1.04192

442.758
3
0.693548

89.7023
1
0.50838

122.72
1
0.522222

94.2018
1
0.552326

123.654
1
0.625731

696.516
5
0.866935

>>>>>>>5<<<<<<
840.612
6
0.850806

>>>>>>>5<<<<<<
799.707
6
0.83871

662.105
5
0.879032

671.047
5
0.891129

>>>>>>>5<<<<<<
832.692
6
0.891129

>>>>>>>5<<<<<<
826.369
6
0.891129

>>>>>>>5<<<<<<
823.388
6
0.887097

593.881
4
1.095

>>>>>>>5<<<<<<
840.515
6
0.891129

>>>>>>>5<<<<<<
827.483
6
0.879032

575.553
4
1.04245

703.61
5
0.899194

586.836
4
1.03704

714.478
5
0.907258

724.231
5
0.899194

712.375
5
0.895161

269.747
2
1.08387

285.228
2
1

281.487
2
1.00568

458.071
3
0.721774

457.397
3
0.724696

435.12
3
0.71371

435.93
3
0.725806

334.289
2
0.890547

>>>>>>>5<<<<<<
822.049
6
0.883065

113.934
1
1.17834

428.805
3
0.71371

261.997
2
1.05882

447.464
3
0.733871

442.511
3
0.725806

271.059
2
1.08284

214.903
2
1.09412

223.962
2
1.03867

358.127
3
0.66129

330.681
3
0.612903

152.552
2
1.04167

154.73
2
0.508065

181.41
3
0.564516

>>>>>>>5<<<<<<
792.907
6
0.891129

>>>>>>>5<<<<<<
847.742
6
0.858871

132.53
1
1.09877

384.524
3
0.874372

179.881
2
0.423387

>>>>>>>5<<<<<<
779.945
6
0.858871

>>>>>>>5<<<<<<
764.32
6
0.862903

>>>>>>>5<<<<<<
805.113
6
0.850806

609.778
4
1.11168

>>>>>>>5<<<<<<
864.202
6
0.903226

>>>>>>>5<<<<<<
851.026
6
0.915323

560.362
4
1.04739

768.642
5
0.915323

619.297
4
1.05164

749.705
5
0.91129

751.503
5
0.91129

773.022
5
0.91129

772.379
5
0.899194

292.495
2
1.08824

135.614
1
1.13497

108.114
1
0.505435

>>>>>>>5<<<<<<
864.456
6
0.866935
